0	10000	35	10000	25	20	10000
10000	0	10000	31	10000	16	28
35	10000	0	15	12	29	23
10000	31	15	0	18	10000	32
25	10000	12	18	0	10000	10000
20	16	29	10000	10000	0	22
10000	28	23	32	10000	22	0